[4537,
 8016,
 7987,
 8479,
 6762,
 10033,
 8973,
 8188,
 9187,
 8286,
 10093,
 13928,
 6932,
 10384,
 6326,
 8889,
 6522,
 8432,
 10363,
 5883,
 9882,
 10845,
 11552,
 12876,
 9206,
 15872,
 15149,
 14765,
 12377,
 9468,
 10714,
 10023,
 9333,
 11102,
 8090,
 14212,
 14786,
 9891,
 13235,
 7891,
 15119,
 15378,
 13204,
 11567,
 8623,
 11074,
 9027,
 9527,
 13765,
 7128,
 13108,
 13226,
 10810,
 9403,
 7048,
 7327,
 10179,
 6836,
 9142,
 7234,
 15347,
 11920,
 12076,
 19292,
 19711,
 13343,
 13610,
 13577,
 13899,
 11586,
 9678,
 21771,
 13362,
 17886,
 13914,
 9805,
 11545,
 15158,
 17442,
 17253,
 10241,
 11925,
 19493,
 16893,
 20276,
 11232,
 12267,
 21088,
 20156,
 15933,
 9859,
 10213,
 8745,
 10280,
 5141,
 10825,
 10602,
 9776,
 14629,
 8100,
 4731,
 6923,
 5858,
 7290,
 5199,
 6719,
 4477,
 4876,
 4498,
 4050,
 4146,
 3966,
 6053,
 5674,
 3175,
 7924,
 7259,
 5120,
 7565,
 4890,
 13143,
 13731,
 10493,
 12484,
 8766,
 14503,
 15676,
 12441,
 13536,
 12135,
 11070,
 14300,
 9982,
 10685,
 7106,
 8220,
 9687,
 12273,
 11001,
 6361,
 5217,
 4531,
 4168,
 4494,
 3353,
 6954,
 6661,
 5303,
 6135,
 3569,
 14416,
 14077,
 10390,
 12270,
 8578,
 8791,
 10867,
 11268,
 9904,
 6681,
 12853,
 10005,
 9871,
 10157,
 5979,
 9124,
 11364,
 7604,
 7170,
 6037,
 10993,
 12295,
 9711,
 15480,
 8373,
 10345,
 10278,
 10049,
 9004,
 5854,
 7239,
 6731,
 6985,
 7307,
 5173,
 8649,
 8150,
 9983,
 9276,
 5703,
 10697,
 12364,
 14857,
 17356,
 10152,
 20111,
 14711,
 10278,
 12544,
 12332,
 11923,
 14596,
 11322,
 10818,
 7863,
 7573,
 8069,
 10703,
 11563,
 8853,
 10394,
 12786,
 12771,
 10959,
 10380,
 12553,
 12584,
 10571,
 11788,
 10043,
 17922,
 15474,
 15725,
 13445,
 11488,
 16565,
 16495,
 18172,
 19290,
 12054,
 3396,
 3668,
 4948,
 5189,
 4454,
 4230,
 2850,
 3271,
 4311,
 2850,
 19035,
 18376,
 21328,
 16338,
 13150,
 20968,
 15001,
 20589,
 21445,
 11815,
 14387,
 12014,
 12434,
 15572,
 9445,
 9164,
 9746,
 14255,
 10334,
 9145,
 13040,
 11304,
 10416,
 14341,
 9864,
 17506,
 11604,
 11892,
 14565,
 10298,
 16315,
 15467,
 15293,
 14770,
 11160,
 15195,
 18262,
 18717,
 12867,
 7994,
 13335,
 12800,
 14109,
 18337,
 8886,
 12474,
 18079,
 17402,
 16432,
 13030,
 9672,
 11939,
 11187,
 12193,
 8958,
 18205,
 14066,
 17941,
 8364,
 12039,
 9589,
 9279,
 9344,
 9707,
 8678,
 12056,
 14782,
 12318,
 12588,
 9031,
 15562,
 13314,
 13834,
 17688,
 7989,
 18412,
 19373,
 11116,
 14994,
 10045,
 13211,
 9763,
 9197,
 11240,
 9023,
 5690,
 9903,
 9673,
 9821,
 5289,
 15467,
 18332,
 12592,
 21516,
 12765,
 13649,
 12294,
 16485,
 12983,
 14684,
 14298,
 15672,
 19561,
 21615,
 9101,
 15084,
 20631,
 16243,
 17632,
 10371,
 8790,
 10587,
 12783,
 11297,
 7205,
 7468,
 7855,
 8689,
 8834,
 4650]